1.000000000000000000e+00 2.235400581359863281e+01 -8.824164271354675293e-01
2.000000000000000000e+00 1.332336616516113281e+01 -1.715584278106689453e+00
3.000000000000000000e+00 1.127140998840332031e+01 -2.475025892257690430e+00
4.000000000000000000e+00 1.249662113189697266e+01 -3.484880208969116211e+00
5.000000000000000000e+00 1.236250114440917969e+01 -3.874023675918579102e+00
6.000000000000000000e+00 1.401301193237304688e+01 -4.812589645385742188e+00
7.000000000000000000e+00 1.270000934600830078e+01 -4.731131553649902344e+00
8.000000000000000000e+00 1.297690963745117188e+01 -4.693951606750488281e+00
9.000000000000000000e+00 1.417774772644042969e+01 -5.789156436920166016e+00
1.000000000000000000e+01 1.185997772216796875e+01 -6.622696876525878906e+00
1.100000000000000000e+01 6.223985671997070312e+00 -6.834841251373291016e+00
1.200000000000000000e+01 7.528477191925048828e+00 -7.936674594879150391e+00
1.300000000000000000e+01 6.043693542480468750e+00 -8.869782447814941406e+00
1.400000000000000000e+01 1.141626453399658203e+01 -1.122954845428466797e+01
1.500000000000000000e+01 1.311721038818359375e+01 -1.058113098144531250e+01
1.600000000000000000e+01 1.131474304199218750e+01 -7.716091632843017578e+00
1.700000000000000000e+01 1.686434364318847656e+01 -8.929408073425292969e+00
1.800000000000000000e+01 2.004550552368164062e+01 -9.580112457275390625e+00
1.900000000000000000e+01 4.982642173767089844e+00 -1.109267330169677734e+01
2.000000000000000000e+01 1.619102287292480469e+01 -1.019785118103027344e+01
2.100000000000000000e+01 6.821058273315429688e+00 -1.005806732177734375e+01
2.200000000000000000e+01 7.888650894165039062e+00 -1.116462421417236328e+01
2.300000000000000000e+01 6.362869739532470703e+00 -1.054747295379638672e+01
2.400000000000000000e+01 4.783140182495117188e+00 -1.536945533752441406e+01
2.500000000000000000e+01 4.357247829437255859e+00 -1.516295909881591797e+01
2.600000000000000000e+01 3.380819320678710938e+01 -1.299818801879882812e+01
2.700000000000000000e+01 1.084903049468994141e+01 -1.421045303344726562e+01
2.800000000000000000e+01 7.238298416137695312e+00 -1.579099845886230469e+01
2.900000000000000000e+01 8.017532348632812500e+00 -1.833014297485351562e+01
3.000000000000000000e+01 2.586079120635986328e+00 -1.881481361389160156e+01
3.100000000000000000e+01 7.831746578216552734e+00 -1.866224098205566406e+01
3.200000000000000000e+01 4.836279296875000000e+01 -1.912373924255371094e+01
3.300000000000000000e+01 6.767445087432861328e+00 -1.987486839294433594e+01
3.400000000000000000e+01 6.629957199096679688e+00 -1.853962898254394531e+01
3.500000000000000000e+01 1.885646438598632812e+01 -2.041687393188476562e+01
3.600000000000000000e+01 5.653194808959960938e+01 -2.068560409545898438e+01
3.700000000000000000e+01 4.167918014526367188e+01 -2.065767860412597656e+01
3.800000000000000000e+01 4.668197250366210938e+01 -1.879198265075683594e+01
3.900000000000000000e+01 3.159074401855468750e+01 -1.740176773071289062e+01
4.000000000000000000e+01 6.403388214111328125e+01 -1.876832008361816406e+01
